0
0
0
0
0
0
0
0
0
0
0
0
0
0
0
0
0
0
0
0
0
0
0
0
0
0
0
0
0
0
0
0
0
1
2
2
2
2
2
2
2
3
3
3
3
2
2
2
2
2
0
0
1
2
2
2
2
2
2
2
2
2
2
2
1
0
-1
-1
-1
-1
0
1
2
2
1
0
0
1
2
2
2
2
2
2
1
0
-1
-1
-1
-1
0
1
1
0
0
1
2
2
2
2
2
2
2
2
2
2
2
2
2
2
2
2
2
2
0
0
0
0
0
0
0
1
2
3
3
3
3
3
3
3
3
3
3
3
3
0
0
0
0
0
1
2
2
1
0
-1
-1
-1
-1
0
1
2
2
2
2
2
2
2
2
2
2
2
0
0
0
0
0
0
0
0
0
0
0
0
0
0
0
0
0
0
0
0
0
0
0
1
2
2
0
0
0
0
1
2
2
2
2
2
2
2
2
2
2
2
2
0
0
0
0
0
0
0
0
0
0
0
0
0
0
0
0
0
0
0
0
0
0
0
0
0
0
0
0
0
0
0
0
0
0
0
0
0
0
0
0
0
0
<<<<<<< HEAD
=======
0
0
0
0
0
0
0
0
0
0
0
0
0
>>>>>>> branch 'master' of https://github.com/xXLauch96Xxataolde/eprAufgabe4.git
